4.952501347409076438e+00
2.331193708203651571e+00
2.837057480224312034e+00
2.179412899383988744e+00
6.694430625188507733e+00
5.774574725095344085e+00
3.921560679177026110e+00
9.620185769542084486e+00
6.920119516579643637e+00
4.691568797706491267e-01
3.952031782635692991e+00
8.945057954575954540e+00
8.965382575289090994e+00
5.299675809412828897e+00
2.310219423353444768e+00
6.587868153193169540e+00
9.085395103674869688e+00
3.594116916000857032e+00
2.765063834677561339e-02
4.016099687366640580e+00
9.887036616794796728e+00
5.794001816395519810e+00
1.687690726043151734e+00
8.233275319774428169e+00
3.172199489373037640e+00
4.111735358920022065e+00
5.117301146131644884e+00
9.435201892867006279e+00
4.981421645221363548e+00
1.417607620358782849e+00
3.897331328437766196e+00
3.298573294929343369e+00
4.418335389185191531e+00
6.211626896012406363e+00
2.231144312676938135e+00
4.370679480927272209e+00
4.239326030028887082e+00
6.064362498555176728e+00
1.312979139028764841e+00
4.132944647453311582e+00
9.993479146467450391e+00
7.318496430738622216e+00
4.627101390389744218e+00
6.305663699284229651e+00
7.466094908116395423e+00
7.791745829083888353e+00
1.219286328034172584e+00
5.914922509629092495e+00
4.872685498956932371e+00
3.318495147430931880e+00
1.469442384513364175e+00
1.300860375296040150e+00
2.049145558413712820e+00
9.970198969206727213e+00
7.018295391542905826e+00
2.581494225690394995e+00
8.823674996623484645e+00
9.425478184565998063e+00
6.454957584841316987e+00
5.918772590514476128e-01
7.583948166754192144e+00
9.170492183938684150e+00
7.400424153214907541e+00
9.362442593576125738e-01
4.751850145938822934e+00
3.260533653988080260e+00
9.087815188660883337e+00
7.386009998786050801e+00
2.782138861648963957e-01
3.332373390154811155e+00
6.574487581942580761e+00
4.131111722354104288e+00
7.009447199525229877e+00
3.052501572698891330e+00
2.767533121285038256e+00
1.313512953672201222e+00
7.616101084857807013e-01
3.343998490853472561e+00
4.977015054077211786e+00
6.063693256247804086e+00
5.134162084445838659e+00
9.137031545736704174e+00
2.256754000869128696e+00
8.111159748439275674e+00
1.707207856489668663e+00
9.085251398556895452e+00
9.540229021323732184e+00
8.472766187093377255e+00
4.696701207647362430e+00
4.752608086587754244e+00
8.743841575358224372e-01
9.699137159677027498e+00
3.624367492565689020e+00
7.755077613712567874e+00
3.484917535756117957e+00
9.229309430342798493e+00
9.015712351972637872e-01
9.786980086587581340e+00
7.212795157008269342e+00
6.775672990319461242e+00
