4.603198930933514177e+00
2.043535526348476683e+00
6.201860625240305680e+00
1.944931580174943386e+00
9.178111665551272225e+00
5.042733799488915203e+00
8.754726637721121918e+00
5.353809905303133831e+00
2.996995073229228090e+00
4.068038688083363219e+00
3.800541970759614419e+00
1.287410728757344414e+00
4.627792109524150099e+00
3.885411748369962393e+00
9.467871305273359184e+00
5.419520143598982820e+00
6.575417589714661837e+00
5.041761050560641166e+00
2.022275319576547492e+00
7.699915377054225907e+00
2.816788429674218719e+00
5.032322713449605800e+00
9.152086723130079093e+00
3.980313229618538173e+00
7.585766448923678240e+00
1.995106536463885361e+00
8.939789631932793412e+00
4.919077450353423586e+00
4.337095184085149047e-01
9.747571226707588465e+00
7.297237052897980192e+00
3.779020298823309254e+00
9.754265414461849026e-01
4.794736390265752490e+00
3.891018954963577414e+00
3.894607965355931789e+00
5.284770369687166180e+00
9.336445739990784531e+00
4.658643360788227383e+00
1.832304599838122661e+00
4.458871525170124528e+00
8.562427466719515934e+00
5.678646652283204865e+00
2.483736397534319629e-01
9.469712379863979734e+00
5.287806031825267539e+00
1.347840635798965847e+00
8.147235931460483638e-01
7.754959096159122822e+00
4.467159178352596349e+00
3.069476838747575709e-01
1.767185673684829039e+00
6.927116018116513452e+00
2.972745997667608719e+00
9.588507588277439098e+00
7.997051858341437836e+00
9.775698318741179449e+00
3.386295330154263095e+00
4.473189601010818528e+00
9.253164219122279377e+00
6.422982570928482460e+00
3.168372399905605707e-01
3.435687275997372225e+00
8.768367901118466534e+00
8.293420821804609488e+00
5.769427578273634616e+00
5.188250837516791059e+00
1.310256699535267133e+00
7.583568541700625332e+00
1.459305562037496173e+00
5.109528545674145938e+00
2.082691676968381422e+00
7.849967703023815524e+00
7.922000417059797961e+00
6.372049722833325269e+00
5.231109836627480192e+00
8.229599116183447194e+00
7.257868488253382822e-01
7.132834323647879948e+00
3.000367733722668628e+00
4.135296069516981809e+00
1.096151307590212953e+00
7.939767797584707409e+00
7.740033894158004024e+00
9.019616616190173630e+00
6.920725281083040414e+00
8.697442296430274666e+00
7.910539314263504096e+00
1.903932628268864002e+00
8.743185143413999327e+00
1.275593454782243397e+00
7.701223298726212363e+00
9.688323768651818213e+00
1.575295408893055971e+00
7.851964977867519124e+00
7.576678569307114586e+00
8.396836858098989609e+00
8.369506565692221400e+00
8.289567216369832181e+00
8.475523786567736195e+00
