1.646089058570444630e+00
7.563309495445857955e-01
6.644176634111222945e+00
4.631173977064880987e+00
3.587578302631095006e+00
1.129232145481562366e+00
7.257186802944890047e+00
1.567720704783792662e-01
8.155981454600709668e+00
5.797104456934346395e+00
7.662496987749040755e+00
4.930452399559309917e+00
5.266683420676786298e+00
5.354621345247649877e+00
5.260287368899930982e+00
5.771762346737978611e+00
1.978106024952888120e+00
5.591602162518367614e+00
5.827619323059796130e-01
9.521901203301080585e+00
3.751017387220937138e+00
1.020193009923023864e+00
4.222888097775514993e+00
7.424139261919409094e+00
1.180709198056141274e+00
6.781758395623395330e+00
2.798184947296827652e+00
2.883133448327944492e+00
8.663308048522653237e+00
7.088428047549556688e+00
7.907929640260855209e+00
1.478630886178530224e+00
3.713563634556781068e+00
9.076398107215819522e+00
4.293625156380231900e-01
1.769647703286451046e+00
8.001523775912167125e-01
1.531895318696984143e+00
2.918172395867522084e+00
2.483328237718630760e+00
3.490103764885189364e+00
5.350238629444876715e+00
9.849027279283162351e-01
7.693461383749440330e+00
7.823343021638158312e+00
2.924793396243037247e+00
4.823426587054568060e+00
6.920198576358986386e+00
2.077042898059944243e+00
3.153205491780293190e+00
7.787014847020307329e+00
5.911170049660631420e+00
6.305081372408702478e+00
9.358242033898811485e+00
2.529252738574671255e+00
4.205628961801243904e+00
3.193654877741600728e+00
9.792707517801364503e+00
4.563841953687591158e+00
4.537968660527591513e-01
5.973638304167216972e+00
4.067072601648888508e+00
6.281717517434397990e+00
7.201785726774405205e+00
7.236478883448826060e+00
7.390042788348925029e+00
5.397055578284892796e+00
6.868396564157869477e+00
6.637905696427721658e+00
6.978726050223514221e+00
7.010373145798533656e+00
9.655115977562815033e+00
9.498348356213222488e+00
9.551934127177061029e+00
9.093467295207471324e+00
1.640309938874778828e+00
9.631596584122977589e+00
8.990651545525444988e+00
3.188171288000090087e+00
1.488594218959473636e+00
5.066911276137351372e+00
5.327058752832641630e+00
3.042134608903841464e+00
4.945379701847248732e+00
9.637002273120810258e+00
9.873578532141788600e+00
2.850240980724852768e+00
3.523664225028697583e+00
4.402751186602287703e+00
6.535223755026088099e+00
5.012669470201510435e+00
4.562108201990282552e+00
8.505110182225283921e+00
2.675359745296348457e+00
1.482697835700219624e-01
2.961808408005603077e+00
9.957574677216107784e-01
5.926310698343763228e+00
3.442468848663426950e-01
6.445372259963822792e+00
