1.102342296507657160e+01
2.151141435552916370e+00
7.037152104583437762e+00
6.473098139209757740e+00
2.051806665423580611e+01
1.974407938821929065e+01
1.260431864814454883e+01
2.752605234133164558e+01
1.422842502818109622e+01
3.236736393532798406e+00
1.068741314441873236e+01
2.256592478951221281e+01
2.451027332453990937e+01
1.447781742222982260e+01
8.609563755144419517e+00
1.518793191542933307e+01
2.284995463763636536e+01
8.416175820541491603e+00
-1.478581266286573825e+00
1.328607167407791856e+01
2.947819561110476272e+01
1.280718842271567048e+01
3.094311934363749295e+00
1.886315799519923786e+01
1.059426767858691498e+01
1.333829804152857612e+01
1.570676997918700835e+01
3.077460800421389564e+01
1.459775605620063033e+01
4.633352032050676250e+00
9.808529622046396668e+00
9.623241927509534221e+00
1.274689501394684576e+01
1.604639480259106321e+01
1.109746014581728879e+01
1.235291961515333092e+01
9.609277787347718203e+00
1.435939344559545638e+01
5.381197392115623757e+00
7.716608181860193483e+00
2.973398325936046049e+01
1.951268466123160650e+01
1.421927184019586043e+01
1.528441324961649883e+01
1.722733869585465882e+01
2.460544475587805735e+01
7.946074817184931582e+00
1.233158182388270774e+01
1.484420784025023821e+01
6.994719574444971499e+00
2.398697977615237953e+00
3.918966792162513091e+00
9.966549739621202164e+00
2.781519840194923887e+01
2.043187736010394318e+01
3.036456884415326574e+00
2.410320067655159804e+01
2.320075153447031724e+01
1.691246357847084170e+01
-7.714098763406977977e-01
2.061000708080345944e+01
2.780729288602605820e+01
2.130158741485593765e+01
6.276807775206741269e+00
9.947044070115289571e+00
5.385471063527467628e+00
2.516774026223577820e+01
2.211107429255854839e+01
-1.106569588912059698e-01
9.093873329575146158e+00
1.459900129924718648e+01
1.325836937853989994e+01
1.874822193935488102e+01
7.143725525312641267e+00
3.574657624452479254e+00
8.742476814442770028e-01
1.469579421145471798e+00
1.190209015975943707e+01
1.617029204063026526e+01
1.675107907051582501e+01
1.479964219421105653e+01
2.195901192737449392e+01
8.651353718148966365e+00
2.455065321055027638e+01
6.086923417426543637e+00
2.513062786650833047e+01
2.509906861620950380e+01
2.548721135666069060e+01
1.765197812286051260e+01
1.546931449659688695e+01
3.330179803199490696e+00
2.649434159819828949e+01
8.040736070832778637e+00
1.946350293059318304e+01
7.509128541598698803e+00
2.706652584415269303e+01
2.666050644430637995e+00
2.532704095236225328e+01
1.961991294870726676e+01
1.948265812333413649e+01
