1.496254860534846109e+01
4.620482749993923832e+00
1.839936124720805921e+01
6.215896081028723152e+00
2.791553417581071628e+01
1.648648418658962100e+01
2.662019891930127713e+01
1.678491718372542607e+01
9.158509799007006791e+00
1.658917221950200727e+01
1.563834653445652911e+01
7.615586357787823779e+00
1.486950109405797704e+01
1.398227095336123860e+01
2.939575714636026760e+01
1.888861937900622934e+01
1.968133065963949946e+01
1.795707880544064494e+01
8.169507139365737913e+00
2.286982791145353744e+01
1.063352224654586387e+01
1.564545823574927752e+01
3.015501491935151890e+01
1.320223825677482310e+01
2.328202990592758681e+01
8.745925151960792121e+00
2.745044297143122947e+01
1.589007655903064276e+01
1.383314915886074026e+00
3.021880732639142053e+01
2.127771195500010393e+01
1.316454389502862909e+01
2.705631732966236491e+00
1.658955841446484669e+01
1.325614681250677585e+01
1.346713513709183019e+01
1.650850406014585303e+01
2.731011743018729021e+01
1.531241913980755065e+01
5.700127603147069344e+00
1.653059003051465581e+01
2.699752222431681403e+01
1.679398952626848995e+01
4.091109253829138481e+00
2.792514652051004020e+01
1.415257085171345253e+01
7.853442966235517630e+00
4.919024920142349266e+00
2.885967406059709361e+01
1.636648790596761671e+01
3.165779562560631089e+00
7.977385870029396031e+00
1.890624851718049015e+01
8.320891813751341459e+00
2.634380192035823498e+01
2.503013131633522192e+01
3.144448887283095928e+01
1.176703485919748537e+01
1.850213406985472631e+01
2.606869698510973521e+01
2.177828639684473444e+01
3.998006765124878736e+00
9.075235947507119150e+00
2.629407171750123240e+01
2.534131110967969391e+01
1.800926714391024674e+01
1.861820691805094086e+01
4.211090951093775736e+00
2.356778801341159735e+01
9.035368782955789158e+00
1.747019290472817943e+01
9.948364937517975903e+00
2.674054489854847105e+01
2.143516879754714211e+01
2.267924545608395448e+01
2.070951114282011929e+01
2.540540421670312199e+01
1.693345474144758001e+00
2.250669259545868783e+01
1.162223585932547287e+01
1.506187141853348876e+01
6.671537421593528805e+00
2.370096512618443541e+01
2.546864709757097245e+01
2.624801503408332337e+01
2.390661473835503514e+01
2.973028333333078521e+01
2.499934451282200953e+01
8.677574535872462747e+00
2.621694506432924143e+01
4.628089753099454029e+00
2.319598557386385451e+01
3.066192339794130817e+01
6.234833798797480675e+00
2.311830719352095187e+01
2.045350419407703058e+01
2.237086933096128405e+01
2.214204902207927361e+01
2.313654207088141135e+01
2.583690280403794404e+01
