2.150429515951968185e+00
-3.717213512919403939e-01
2.945014272623520668e+01
1.011198648267854239e+01
5.915556675363691674e+00
-3.422598219088084370e-01
3.264515717004325523e+01
4.624766071214201801e+00
4.851260239128701812e+01
1.838479404209946111e+01
3.819355996652662100e+01
1.130218685636303277e+01
1.700202558563994515e+01
1.503829756709665055e+01
1.403151448497503040e+01
2.081696746254097619e+01
1.197837780218863779e+00
2.128305865261647867e+01
1.262110120043712591e+00
6.671394935668395476e+01
8.125345513827697985e+00
1.841407765410588926e+00
4.750175228457489851e+00
3.809216165764152606e+01
3.049476188782937136e+00
2.790201738678353038e+01
4.285209299561633323e+00
7.387420176797402149e+00
5.403428949705492812e+01
3.512369194515597570e+01
4.451685302781061893e+01
1.043482800977290736e+00
4.290462449110114207e+00
6.450858668815685348e+01
3.249126936983672387e+00
1.849972395014376270e+00
9.799706816155571154e-01
4.208013955291203700e+00
-1.146312610576237123e+00
1.659294428703032676e+00
3.818365693174128772e+00
1.705412749096191050e+01
-9.697908902043088641e-01
3.978165434037200043e+01
4.176814862317408483e+01
5.998689980240829556e+00
1.052933020662201891e+01
3.242427199936570759e+01
-1.987406470511235312e+00
8.260159806571820695e+00
4.274366504724397231e+01
2.172110745767701800e+01
2.407436964468368856e+01
6.067366429158682450e+01
3.051065822764466695e+00
4.998136480573361240e+00
3.364089413167856701e+00
7.334043136365997384e+01
1.401937040772147469e+01
-2.290256633064395864e-01
1.889003556557678465e+01
1.420704346285223352e+01
2.828220957918707512e+01
3.324426490048744398e+01
3.700890504028642169e+01
3.788437290629131837e+01
1.457533776654440949e+01
2.880224829446652990e+01
2.553893435921190758e+01
3.599530076345614305e+01
2.931753873314801950e+01
7.282664650684981211e+01
6.503385553252849149e+01
6.785521071774010693e+01
6.005478574207411668e+01
-2.420253401991462994e+00
6.866259465228949921e+01
5.642830219800468683e+01
6.487000464194681015e-01
4.238223054197682305e-01
1.349824725448525697e+01
1.857065035962202160e+01
4.030589956250755890e+00
1.264580301623943193e+01
7.245267473451218621e+01
7.333402614117326834e+01
4.063624299911182902e+00
5.058672593452585353e+00
6.353255939642155958e+00
2.742743754020561653e+01
1.639877448625999534e+01
1.004219627096703960e+01
4.902977608304974666e+01
5.353459334653146939e+00
-6.597863357043909360e-01
-3.261810313895363578e-02
-1.730511185545031472e+00
1.986626435509802491e+01
5.797430847436746859e+00
2.358974419408092871e+01
